x = 1;

y = log2(100000000000000)

